 7   5   0   15  23  19          0   18  17      4       6   23          1   8   3   21  20  16 
 1   8   3   18  17  22          1       20  16  7   5       22          4   2   6   15  23  19 
 4   2   6   21  20  16          2   15      19      8   3   21          7   5   0   18  17  22 
 23  15  19  1   3   8           3       6   2       21  16  20          17  18  22  7   0   5  
 20  21  16  7   0   5           4   1       8   17      22  19          23  15  19  4   6   2  
 17  18  22  4   6   2           5   7   0       23  15      18          20  21  16  1   3   8  
                                 6                           17                                 
                                 7                           16                                 
 0   1   2   3   4   5   6   7   8   9   10  11  12  13  14  15  16  17  18  19  20  21  22  23 
     16  20  2       6           9   5   7   0   18  22  17  14          15      23  8       3  
 18      17  8   1               10  2   4   6   15  19  23  13          21  16      5   7      
 15  19          7   0           11  8   1   3   21  16  20  12              22  17      4   6  
 6   4       17  22              12  20  16  21  3   1   8   11          0   7           19  15 
     7   5       16  21          13  23  19  15  6   4   2   10              1   8   17      18 
 3       8   23      15          14  17  22  18  0   7   5   9           6       2   20  16     
 23  22  21  20  19  18  17  16  15  14  13  12  11  10  9   8   7   6   5   4   3   2   1   0  
                                 16                          7                                  
                                 17                          6                                  
 8   3   1   16  21  20          18      15  23      0   7   5           2   6   4   22  18  17 
 2   6   4   19  15  23          19  22      17  8       1   4           5   0   7   16  21  20 
 5   0   7   22  18  17          20  16  21      2   6       3           8   3   1   19  15  23 
 22  17  18  0   5   7           21  3   8       19      15  2           16  20  21  6   2   4  
 19  23  15  6   2   4           22      5   7   16  20      1           22  17  18  3   8   1  
 16  20  21  3   8   1           23  6       4       17  18  0           19  23  15  0   5   7  
==================
